7.863555431365967
6.833630084991455
10.352112770080566
9.265464782714844
5.763288497924805
7.076470851898193
6.318507194519043
6.4336018562316895
4.839007377624512
8.204744338989258
6.774375915527344
4.541870594024658
4.102063179016113
3.751516580581665
5.875784397125244
6.955323219299316
5.82892370223999
8.11037826538086
8.207005500793457
10.337342262268066
9.028388977050781
5.8587212562561035
7.044617652893066
7.740869522094727
4.360658645629883
6.979565143585205
11.091769218444824
8.229787826538086
5.79183292388916
7.705449104309082
7.0469746589660645
8.012947082519531
6.670670986175537
4.251461505889893
7.642629623413086
7.982497215270996
6.120882034301758
3.994086503982544
4.593763828277588
3.889845132827759
7.663905143737793
11.922883987426758
6.70350456237793
8.142586708068848
5.968574047088623
6.865619659423828
7.43956995010376
5.79022741317749
5.541098594665527
5.744804859161377
6.425782680511475
6.830794334411621
4.726143836975098
10.296713829040527
5.552494525909424
6.3516459465026855
3.504850149154663
6.682861328125
7.010230541229248
4.356688022613525
5.273460865020752
8.63061237335205
7.601897239685059
5.049161434173584
4.797186851501465
6.348295211791992
6.504429817199707
5.039925575256348
7.147938251495361
4.788601398468018
4.710482597351074
6.562314033508301
6.391790866851807
4.21216344833374
5.129709243774414
5.388445854187012
5.523716449737549
7.328381061553955
5.9670796394348145
6.015717029571533
7.39255428314209
5.614152431488037
7.595006942749023
8.687418937683105
6.20047664642334
5.762212753295898
7.985493183135986
4.784762382507324
6.108293533325195
3.8086252212524414
7.757979393005371
7.795799732208252
5.475728511810303
6.604400634765625
8.031330108642578
5.955932140350342
7.896759033203125
4.646354675292969
4.481244087219238
