28.96953773498535
28.971986770629883
28.9395809173584
28.93500328063965
28.919124603271484
28.884525299072266
28.872665405273438
28.908920288085938
28.86826515197754
28.877229690551758
28.89055824279785
28.891904830932617
28.87362289428711
28.864282608032227
28.877397537231445
28.895973205566406
28.904014587402344
28.904600143432617
28.84453010559082
28.877796173095703
28.84801483154297
28.905433654785156
28.812419891357422
28.829837799072266
28.844249725341797
28.845190048217773
28.851404190063477
28.87117576599121
28.878665924072266
28.88888931274414
28.89678955078125
28.93167495727539
28.90379524230957
28.896121978759766
28.894678115844727
28.877222061157227
28.87053680419922
28.872854232788086
28.86586570739746
28.950971603393555
28.869844436645508
28.915531158447266
28.933988571166992
28.94200325012207
28.91118812561035
28.877098083496094
28.8037052154541
28.864803314208984
28.848342895507812
28.878286361694336
28.802515029907227
28.869171142578125
28.785356521606445
28.845739364624023
28.84491729736328
28.91840362548828
28.823753356933594
28.841053009033203
28.90019989013672
28.801130294799805
28.85646629333496
28.833600997924805
28.800357818603516
28.852664947509766
28.85002326965332
28.80119514465332
28.80967903137207
28.79825782775879
28.814634323120117
28.80142593383789
28.767732620239258
28.744407653808594
28.778432846069336
28.780412673950195
28.797212600708008
28.817419052124023
28.8178653717041
28.774930953979492
28.859670639038086
28.822420120239258
28.820884704589844
28.799272537231445
28.810340881347656
28.831073760986328
28.85609245300293
28.839290618896484
28.83684730529785
28.820880889892578
28.80961799621582
28.782564163208008
28.778114318847656
28.78859519958496
28.784832000732422
28.788686752319336
28.821186065673828
28.834762573242188
28.786664962768555
28.775346755981445
28.801368713378906
28.797622680664062
28.739362716674805
28.789323806762695
28.77832794189453
28.750078201293945
28.841938018798828
28.851837158203125
28.81704330444336
28.84309196472168
28.75728416442871
28.778379440307617
28.797744750976562
28.829158782958984
28.801441192626953
28.812768936157227
28.82762908935547
28.827394485473633
28.830209732055664
28.821273803710938
28.821149826049805
28.746171951293945
28.822757720947266
28.84260368347168
28.899089813232422
28.843114852905273
28.81577491760254
28.840585708618164
28.823762893676758
28.8284912109375
28.836618423461914
28.84112548828125
28.86713218688965
28.919607162475586
28.825477600097656
28.862857818603516
28.876855850219727
28.883132934570312
28.881149291992188
28.849609375
28.81035041809082
28.904125213623047
28.90367317199707
28.919010162353516
28.911083221435547
28.927459716796875
28.93975830078125
28.931442260742188
28.928234100341797
28.91159439086914
28.95906639099121
28.960451126098633
28.98019027709961
28.977502822875977
28.999868392944336
29.02464485168457
28.98375701904297
28.980350494384766
28.996469497680664
28.97137451171875
28.951879501342773
28.920909881591797
28.976699829101562
28.973323822021484
28.975488662719727
28.896894454956055
28.985597610473633
28.8967227935791
28.96854591369629
28.932432174682617
28.960033416748047
28.965524673461914
28.98102378845215
29.0479736328125
29.010183334350586
29.010847091674805
29.050554275512695
28.993501663208008
29.01421546936035
28.983552932739258
29.057395935058594
29.017051696777344
29.06083869934082
29.072885513305664
29.046649932861328
29.031030654907227
29.08880615234375
29.01825523376465
29.054542541503906
28.96556282043457
29.059722900390625
29.041086196899414
28.978775024414062
28.991140365600586
29.006988525390625
29.038585662841797
29.0311279296875
29.025333404541016
29.014867782592773
28.993980407714844
29.01047134399414
29.042024612426758
29.004383087158203
29.043563842773438
29.054607391357422
29.065439224243164
28.970062255859375
29.01160430908203
29.02171516418457
29.029436111450195
28.998769760131836
29.03399085998535
29.026968002319336
29.032917022705078
29.058679580688477
29.034347534179688
29.029756546020508
29.01666259765625
29.013662338256836
29.03030014038086
28.930892944335938
29.024219512939453
28.966360092163086
28.952045440673828
28.951648712158203
28.955341339111328
28.99151039123535
28.957069396972656
28.91904067993164
28.968185424804688
29.02240753173828
28.96877670288086
29.02887725830078
29.037811279296875
29.02688980102539
29.040925979614258
29.00181007385254
28.944978713989258
29.04095458984375
29.04047203063965
28.98506736755371
28.949129104614258
29.040550231933594
28.965181350708008
29.01755714416504
29.015823364257812
28.998809814453125
28.99448585510254
29.02763557434082
28.987424850463867
28.99485206604004
29.011249542236328
28.981081008911133
29.027006149291992
28.996931076049805
29.00954818725586
29.0065860748291
29.034074783325195
29.03508758544922
28.97262191772461
29.019775390625
29.00063705444336
28.982419967651367
29.02756690979004
28.965112686157227
28.947065353393555
28.96100425720215
28.980501174926758
28.966890335083008
29.00058364868164
29.010540008544922
28.993562698364258
29.01885986328125
28.986316680908203
29.053987503051758
29.026222229003906
28.966812133789062
29.039260864257812
29.02733039855957
29.028404235839844
29.04125213623047
28.992137908935547
29.006372451782227
28.950414657592773
28.96727180480957
28.9455509185791
28.962766647338867
28.935897827148438
28.933923721313477
28.921401977539062
28.958606719970703
28.96769905090332
28.89459991455078
28.888538360595703
28.955137252807617
28.922365188598633
28.909032821655273
28.940677642822266
28.91670036315918
29.008344650268555
28.913780212402344
28.991281509399414
28.954530715942383
28.955062866210938
28.932479858398438
28.944101333618164
28.89434051513672
28.967805862426758
29.00543975830078
29.007293701171875
28.900480270385742
28.976511001586914
28.970701217651367
28.930330276489258
28.95762825012207
29.002321243286133
28.982559204101562
28.96732521057129
29.007326126098633
29.028297424316406
28.976356506347656
29.000104904174805
29.001245498657227
29.016132354736328
29.00875473022461
28.895999908447266
28.88052749633789
28.890579223632812
28.917634963989258
28.931991577148438
28.918066024780273
28.94523811340332
28.85843276977539
28.867521286010742
28.90938377380371
28.93838119506836
28.928264617919922
28.9560546875
28.957849502563477
28.92751121520996
29.002532958984375
29.00371742248535
29.007368087768555
28.98651885986328
29.004613876342773
29.016586303710938
29.014419555664062
28.9759521484375
28.979719161987305
29.000307083129883
28.969011306762695
28.998661041259766
28.955753326416016
28.959819793701172
28.947999954223633
28.996631622314453
28.9847412109375
28.999685287475586
28.96026039123535
28.95452308654785
28.947032928466797
29.01253318786621
29.001724243164062
29.013687133789062
29.038179397583008
28.989675521850586
29.01263427734375
29.01790428161621
28.999406814575195
28.93752670288086
28.919330596923828
28.92863655090332
28.909482955932617
28.94986343383789
28.934341430664062
28.947376251220703
28.943458557128906
28.915027618408203
28.943729400634766
28.963733673095703
28.938718795776367
28.90242576599121
28.905963897705078
28.895816802978516
28.984254837036133
28.96173858642578
28.94955825805664
28.956823348999023
28.977903366088867
28.982751846313477
28.975337982177734
28.927412033081055
28.91661834716797
28.955093383789062
28.98237419128418
28.978126525878906
28.95972442626953
28.999540328979492
28.963802337646484
28.99618911743164
28.990882873535156
29.003488540649414
29.002229690551758
29.007980346679688
28.99578857421875
28.987619400024414
28.930408477783203
28.927698135375977
28.97587776184082
28.8437557220459
28.9163761138916
28.970090866088867
28.940021514892578
28.9477481842041
28.92415428161621
28.98042869567871
28.934078216552734
28.987133026123047
29.016874313354492
28.98246955871582
28.9737606048584
28.904281616210938
28.95134735107422
28.996084213256836
28.93269920349121
28.97353172302246
29.012596130371094
28.94198989868164
28.995962142944336
28.992063522338867
28.975902557373047
28.987070083618164
29.002735137939453
29.0113582611084
29.079696655273438
29.018999099731445
28.96523094177246
29.027488708496094
29.013790130615234
29.021255493164062
29.017080307006836
29.039642333984375
29.03125762939453
29.01253890991211
28.995206832885742
29.019023895263672
28.9212646484375
28.993370056152344
28.982648849487305
28.989452362060547
28.994104385375977
28.994321823120117
28.982385635375977
28.960716247558594
28.95677375793457
28.991710662841797
29.011367797851562
28.961715698242188
29.027019500732422
28.967063903808594
28.96776580810547
28.945215225219727
28.94562339782715
28.9150390625
28.881669998168945
28.93640899658203
28.941783905029297
28.901514053344727
28.841060638427734
28.7974910736084
28.910144805908203
28.90386199951172
28.940587997436523
28.944435119628906
28.867380142211914
28.84571075439453
28.857952117919922
28.911592483520508
28.811077117919922
28.88626480102539
28.909503936767578
28.941381454467773
28.840089797973633
28.948463439941406
28.86651611328125
28.838882446289062
28.875667572021484
28.871227264404297
28.862342834472656
28.845369338989258
28.827192306518555
28.838911056518555
28.894489288330078
28.877689361572266
28.91277503967285
28.945756912231445
28.820117950439453
28.91438102722168
28.80775260925293
28.964717864990234
28.995681762695312
28.90994644165039
28.877321243286133
28.896324157714844
28.88251304626465
29.010658264160156
28.97636604309082
28.989377975463867
28.976608276367188
28.93108367919922
29.018789291381836
28.931575775146484
28.906923294067383
28.92249298095703
29.004005432128906
29.00724220275879
29.03703498840332
28.97859001159668
28.944499969482422
28.970081329345703
28.9261474609375
29.005056381225586
28.921146392822266
28.987829208374023
29.009103775024414
28.99334716796875
29.002614974975586
29.046371459960938
28.967336654663086
28.94859504699707
29.0022029876709
28.981176376342773
28.98171615600586
28.907337188720703
29.020103454589844
29.04376220703125
29.04079246520996
29.073307037353516
28.976425170898438
28.954008102416992
28.899927139282227
28.92494773864746
28.97574806213379
28.978010177612305
28.88833236694336
28.87926483154297
28.949419021606445
28.95256996154785
28.906415939331055
28.913726806640625
28.848133087158203
28.937158584594727
28.81487274169922
28.79197883605957
28.846336364746094
28.923851013183594
28.897544860839844
28.929039001464844
28.83550453186035
28.925729751586914
28.89462661743164
28.799898147583008
28.868314743041992
28.88284683227539
28.906204223632812
28.883073806762695
28.938064575195312
28.95392417907715
28.975387573242188
28.93152618408203
28.87279510498047
28.95000457763672
28.96393394470215
28.914758682250977
28.92725944519043
28.891681671142578
28.87281608581543
28.926729202270508
28.924341201782227
28.915010452270508
28.870792388916016
28.913110733032227
28.91618537902832
28.887521743774414
28.899795532226562
28.905412673950195
28.95928382873535
28.954025268554688
28.913976669311523
28.948562622070312
28.86820411682129
28.925920486450195
28.93032455444336
28.969087600708008
28.9407958984375
28.93467903137207
28.88194465637207
28.88156509399414
28.79676628112793
28.90271759033203
28.848215103149414
28.85474395751953
28.83509635925293
28.855972290039062
28.84232521057129
28.788970947265625
28.76629638671875
28.80680274963379
28.77796745300293
28.797372817993164
28.827869415283203
28.848983764648438
28.840158462524414
28.868568420410156
28.816070556640625
28.874927520751953
28.90951156616211
28.909273147583008
28.92029571533203
28.909353256225586
28.90431022644043
28.900224685668945
28.88275146484375
28.858543395996094
28.873178482055664
28.889047622680664
28.86971664428711
28.87273406982422
28.814592361450195
28.86590003967285
28.88727378845215
28.804672241210938
28.94216537475586
28.921680450439453
28.90837287902832
28.796810150146484
28.946224212646484
28.956661224365234
28.948152542114258
28.763999938964844
28.929624557495117
28.857454299926758
28.784265518188477
28.8764591217041
28.878650665283203
28.920276641845703
28.972946166992188
28.922245025634766
28.916196823120117
28.94184684753418
28.94046974182129
28.886316299438477
28.927539825439453
28.95936393737793
28.877635955810547
28.891075134277344
28.912940979003906
28.852149963378906
28.947402954101562
28.969648361206055
28.96480941772461
28.85755157470703
28.81217384338379
28.88506507873535
28.89738655090332
28.893892288208008
28.883636474609375
28.85917854309082
28.93617820739746
28.89640998840332
28.94221305847168
28.94768714904785
28.87378692626953
28.977645874023438
28.914623260498047
28.81582260131836
28.924039840698242
28.917654037475586
28.9221134185791
28.984760284423828
28.94835662841797
28.96674919128418
28.93243408203125
28.94115447998047
28.988666534423828
28.9901123046875
29.025806427001953
29.056562423706055
28.99474334716797
29.016868591308594
29.009784698486328
28.989910125732422
28.988893508911133
28.883268356323242
29.013980865478516
29.067655563354492
29.044160842895508
28.968168258666992
28.984485626220703
28.95331573486328
29.011289596557617
28.95734405517578
28.94865608215332
29.023469924926758
28.97770118713379
29.001924514770508
28.96890640258789
28.99299430847168
29.02902603149414
28.98484230041504
29.029659271240234
29.038650512695312
28.99181365966797
28.963836669921875
28.94854736328125
28.94595718383789
28.954654693603516
28.85567855834961
28.877456665039062
28.900341033935547
28.852087020874023
28.916501998901367
28.912059783935547
28.903820037841797
28.919584274291992
28.912967681884766
28.863338470458984
28.90138816833496
28.948266983032227
28.952194213867188
28.94693374633789
28.943248748779297
28.9293212890625
28.87339210510254
28.91454315185547
28.924623489379883
28.97344970703125
28.96776008605957
28.90632438659668
28.9403018951416
28.93460464477539
28.926006317138672
28.943653106689453
28.91148567199707
28.861000061035156
28.944589614868164
28.874340057373047
28.951974868774414
28.907207489013672
28.905071258544922
28.850969314575195
28.847087860107422
28.77767562866211
28.84442901611328
28.827482223510742
28.851247787475586
28.782957077026367
28.840255737304688
28.85175132751465
28.850126266479492
28.886350631713867
28.870716094970703
28.801185607910156
28.899490356445312
28.89284896850586
28.862220764160156
28.784048080444336
28.816574096679688
28.772451400756836
28.86081314086914
28.867572784423828
28.881546020507812
28.87786865234375
28.9161434173584
28.928279876708984
28.86295509338379
28.87288475036621
28.892972946166992
28.907684326171875
28.89287757873535
28.882234573364258
28.857397079467773
28.885059356689453
28.90302848815918
28.913936614990234
28.882360458374023
28.871063232421875
28.88044548034668
28.870771408081055
28.760406494140625
28.84098243713379
28.81989288330078
28.83432960510254
28.88689613342285
28.804309844970703
28.81773567199707
28.866714477539062
28.810497283935547
28.75804901123047
28.757301330566406
28.8055362701416
28.79416275024414
28.787790298461914
28.816722869873047
28.810352325439453
28.808101654052734
28.811626434326172
28.823654174804688
28.81528663635254
28.826980590820312
28.842721939086914
28.805997848510742
28.82388687133789
28.854341506958008
28.835981369018555
28.866741180419922
28.865707397460938
28.888246536254883
28.89153289794922
28.821943283081055
28.83953285217285
28.836515426635742
28.872028350830078
28.84983253479004
28.871896743774414
28.85556411743164
28.85449981689453
28.885730743408203
28.889955520629883
28.93644905090332
28.825397491455078
28.8824462890625
28.877212524414062
28.841928482055664
28.82534408569336
28.807222366333008
28.75885581970215
28.836637496948242
28.758819580078125
28.846508026123047
28.846721649169922
28.925304412841797
28.874807357788086
28.857158660888672
28.821674346923828
28.861583709716797
28.9127197265625
28.943883895874023
28.826452255249023
28.911575317382812
28.86652183532715
28.836334228515625
28.80649757385254
28.774099349975586
28.812673568725586
28.773414611816406
28.820762634277344
28.854412078857422
28.76378059387207
28.790847778320312
28.831836700439453
28.85423469543457
28.833635330200195
28.7857723236084
28.809486389160156
28.798282623291016
28.80841827392578
28.835683822631836
28.812009811401367
28.78267478942871
28.77918243408203
28.805574417114258
28.809036254882812
28.82908058166504
28.823726654052734
28.764347076416016
28.73429298400879
28.761869430541992
28.733823776245117
28.744426727294922
28.73038101196289
28.720083236694336
28.736669540405273
28.75267219543457
28.742895126342773
28.773723602294922
28.776548385620117
28.749460220336914
28.765541076660156
28.812448501586914
28.783493041992188
28.71047019958496
28.749950408935547
28.700252532958984
28.663461685180664
28.76425552368164
28.766881942749023
28.839561462402344
28.892850875854492
28.875621795654297
28.886714935302734
28.822837829589844
28.90241813659668
28.786752700805664
28.8082332611084
28.856002807617188
28.826526641845703
28.824323654174805
28.836992263793945
28.811630249023438
28.826587677001953
28.845542907714844
28.838701248168945
28.82023811340332
28.852813720703125
28.79610252380371
28.848360061645508
28.855445861816406
28.848787307739258
28.829984664916992
28.8387393951416
28.807510375976562
28.784452438354492
28.855731964111328
28.855152130126953
28.845073699951172
28.89459800720215
28.88147735595703
28.873823165893555
28.89594268798828
28.83127212524414
28.845495223999023
28.86858558654785
28.836647033691406
28.859474182128906
28.868488311767578
28.846479415893555
28.775964736938477
28.79352569580078
28.802837371826172
28.821325302124023
28.823354721069336
28.809776306152344
28.811172485351562
28.8040771484375
28.858154296875
28.879793167114258
28.848148345947266
28.853784561157227
28.7838134765625
28.858076095581055
28.837669372558594
28.837739944458008
28.84341049194336
28.8719425201416
28.84365463256836
28.862823486328125
28.839000701904297
28.839366912841797
28.819995880126953
28.863754272460938
28.834613800048828
28.841712951660156
28.858488082885742
28.838533401489258
28.86372947692871
28.82118797302246
28.859256744384766
28.853931427001953
28.798328399658203
28.886131286621094
28.86782455444336
28.859058380126953
28.8386173248291
28.873477935791016
28.886089324951172
28.884065628051758
28.90154266357422
28.922273635864258
28.910202026367188
28.895462036132812
28.902442932128906
28.887208938598633
28.878686904907227
28.900423049926758
28.86740493774414
28.904367446899414
28.881378173828125
28.89704704284668
28.892297744750977
28.88758659362793
28.90943145751953
28.91248321533203
28.90818977355957
28.8966064453125
28.88119125366211
28.919404983520508
28.904767990112305
28.931137084960938
28.909046173095703
28.9097957611084
28.829504013061523
28.83104705810547
