43355.1171875
43688.65625
43315.828125
42994.46484375
42953.22265625
43193.04296875
43091.296875
43194.08984375
43109.8984375
43130.56640625
43260.11328125
42848.5703125
43147.3359375
43246.42578125
43194.86328125
42986.4453125
43025.27734375
43045.75390625
43160.3046875
43130.19921875
43537.18359375
43232.578125
43578.984375
42796.9296875
43497.78515625
43169.4140625
43394.05078125
42850.609375
43394.92578125
43197.1953125
43060.24609375
43762.7578125
44018.0703125
43765.78515625
43549.23046875
43133.76953125
43492.7421875
42805.2265625
42809.88671875
42664.76953125
42731.890625
42931.69140625
43162.83203125
43316.8984375
42977.52734375
42730.25390625
42858.35546875
42813.53515625
42523.60546875
43076.625
42643.91015625
42996.8671875
42458.66015625
42670.37109375
42207.890625
43128.84765625
43126.83984375
43604.61328125
43190.08984375
43422.34765625
43000.078125
43068.859375
43046.16015625
43757.33203125
43661.359375
43291.296875
42826.8125
43650.11328125
43099.40625
43551.00390625
43548.1171875
43763.66015625
42932.73046875
43440.79296875
43560.296875
44144.62890625
43196.05859375
43398.859375
43563.19140625
43445.18359375
43126.609375
43071.91796875
43443.84765625
43726.046875
44097.05859375
43448.3671875
43575.03125
43231.3515625
43323.62109375
43089.35546875
43240.86328125
43270.18359375
43100.24609375
43475.703125
43821.98046875
44037.02734375
43876.6640625
43861.046875
43850.24609375
43570.36328125
43118.2734375
43389.703125
42974.4375
43646.76953125
43620.47265625
43008.3359375
43763.7890625
43395.05859375
43362.9765625
43485.32421875
43787.39453125
43610.76171875
43549.07421875
43709.703125
43547.41015625
43785.609375
44077.80078125
43469.58203125
43493.25
43175.56640625
43228.44140625
43757.11328125
43508.84765625
43100.53515625
43214.46484375
43539.3125
43405.09375
43370.8984375
43454.46484375
43272.76171875
44060.05859375
43622.640625
43265.75
43246.51171875
43165.67578125
42983.828125
43297.234375
43161.546875
43438.1640625
43071.296875
42830.81640625
43138.46875
43765.2265625
43838.58203125
43685.44140625
43906.83984375
43785.8046875
43630.0703125
43606.4765625
43663.30859375
43804.09375
43860.61328125
44424.12109375
44288.67578125
43916.5859375
44296.73828125
44059.14453125
44171.30859375
44104.71484375
44208.46875
44524.1171875
44451.7109375
44375.375
43854.578125
43700.75390625
43380.1796875
43698.6015625
43393.65625
43710.87109375
43690.17578125
44064.96484375
43582.20703125
43113.66015625
43549.9453125
43803.17578125
43999.296875
44166.76171875
43857.05078125
43293.8046875
44519.70703125
44332.74609375
44573.1796875
44268.97265625
43915.08984375
43640.7890625
43869.09375
43258.609375
43469.80859375
43242.9375
43108.63671875
43174.39453125
43303.32421875
42978.8046875
43170.671875
43153.3203125
43336.98828125
43165.83203125
43401.7421875
42844.8984375
42812.02734375
42411.46875
42667.70703125
42380.32421875
43106.88671875
42540.6484375
42200.40625
42606.921875
42559.87109375
42238.71875
42836.1484375
42587.6328125
42552.7578125
42644.57421875
42982.48828125
42422.75
43137.046875
42113.17578125
42981.32421875
43216.859375
42836.8828125
43104.5703125
42715.1171875
42764.4921875
42304.109375
42186.0625
42878.25390625
43058.5390625
43181.9765625
44213.90625
43303.6640625
43223.49609375
43434.4609375
43198.19921875
43050.52734375
43103.90625
42833.25390625
42811.12890625
43018.74609375
42706.64453125
43105.17578125
43022.70703125
42805.19921875
43150.5546875
42881.6640625
42657.87109375
42867.9375
42403.06640625
43397.8203125
42271.68359375
42596.57421875
42385.984375
42621.125
42188.43359375
42432.09765625
42837.70703125
42697.9765625
43174.19140625
42715.2109375
42919.66796875
42585.359375
42327.30859375
42269.60546875
41827.6171875
41787.875
41813.796875
42173.1953125
41716.953125
42159.1875
42326.640625
42513.12109375
42822.32421875
42969.9921875
42646.80078125
42927.30078125
42663.73046875
42707.98046875
42894.00390625
42799.578125
42628.73828125
42386.125
42662.33984375
42445.76171875
42935.0234375
42443.421875
42733.85546875
42305.66015625
42061.4765625
41869.94140625
42382.19921875
42411.77734375
42297.95703125
42473.44140625
42122.92578125
42117.35546875
41847.08203125
41985.4609375
42321.93359375
42252.15234375
42049.609375
42695.28125
42576.29296875
42997.16015625
42940.90234375
43252.15234375
42724.375
42678.04296875
42681.7421875
43003.04296875
42483.7265625
42713.61328125
42945.546875
43386.42578125
43229.6953125
43046.76171875
42577.15234375
42967.37890625
43316.3125
43228.984375
43131.88671875
43115.125
42957.71875
43116.59375
43320.33984375
42807.99609375
42406.51953125
42569.3203125
42155.6328125
42230.37109375
42101.30859375
41887.73046875
42017.24609375
42386.1328125
42494.8203125
41992.15234375
41967.3046875
41991.671875
42312.64453125
42167.80859375
42587.3828125
42472.953125
42407.21875
42336.6953125
42823.64453125
43129.8359375
42890.41015625
42867.3125
42789.25390625
42429.3984375
42853.4453125
42872.6328125
42657.3359375
42307.32421875
42321.82421875
42745.70703125
42558.5
42731.37109375
42555.0078125
42336.9453125
42124.1484375
42695.1328125
42855.08203125
42669.72265625
43040.71875
43015.30859375
42859.3515625
42883.23828125
42850.11328125
42670.05078125
42432.2578125
42434.44140625
42945.68359375
42745.52734375
42551.58984375
43195.95703125
42777.91796875
42374.6171875
42896.40234375
43186.77734375
42527.7265625
41962.1328125
42162.91796875
41518.83984375
41961.296875
41897.7109375
41564.125
42234.55078125
42338.5546875
42716.9140625
42455.47265625
41774.12109375
41762.484375
42263.1875
42048.5
41663.859375
42473.1640625
41954.0546875
41755.0546875
42269.44921875
42391.953125
42192.890625
42768.43359375
42479.375
42808.640625
42628.9765625
42035.51171875
42550.03125
43428.73828125
43417.015625
42909.63671875
42514.53125
42605.64453125
43298.6875
42345.765625
42639.84375
42386.39453125
42847.625
43351.41796875
42353.546875
42394.38671875
42570.39453125
42450.98828125
42992.2109375
43237.7578125
43222.09375
43236.3671875
42734.33984375
43244.49609375
42382.5546875
42945.34765625
42904.2734375
43852.609375
43727.05078125
43389.578125
43827.34765625
43803.6015625
43118.9765625
42792.3125
43098.3359375
43603.2734375
42894.75
42490.8984375
42560.48828125
43391.36328125
42910.76171875
43209.59375
42566.5625
42672.6953125
42941.96875
43409.35546875
43245.56640625
43027.515625
42872.17578125
43721.67578125
43257.16796875
43567.109375
43676.3828125
43439.78515625
42775.421875
42894.83984375
43296.66015625
42977.77734375
42696.3515625
43021.3125
42393.44921875
42143.96484375
42863.8125
42549.06640625
42504.0625
42660.90234375
42975.23046875
43193.8359375
42790.61328125
42828.28515625
43120.8984375
42889.4296875
42692.02734375
42234.06640625
43109.8984375
42980.51171875
43508.9765625
42842.9296875
42220.78125
42454.3046875
42069.15234375
42896.07421875
42696.5390625
42465.67578125
42230.22265625
42652.98828125
42312.625
42847.1171875
42390.9921875
42931.32421875
42582.15625
43204.05078125
43313.18359375
42652.359375
42822.40234375
42435.0390625
42370.01953125
42337.41796875
42530.24609375
43078.4453125
42621.25
42686.9140625
42757.140625
42804.76171875
42885.09765625
43044.70703125
42699.5390625
43038.20703125
42732.9921875
43417.24609375
43511.27734375
43058.39453125
43195.05078125
42373.1171875
42653.890625
43196.15234375
42849.359375
42393.4140625
42657.46875
42975.84765625
43101.734375
42843.90625
43127.55859375
42908.31640625
43030.890625
42998.328125
42798.12890625
43150.67578125
42716.9765625
42899.40234375
42413.46875
42841.2578125
43079.15234375
42866.15234375
42685.43359375
42295.20703125
42152.171875
42278.05859375
42398.84375
41694.0234375
41714.015625
41637.203125
41948.36328125
41921.1640625
41990.71875
42140.6640625
42120.3671875
42348.06640625
41418.54296875
42200.4296875
41489.5078125
41525.59375
42438.078125
42060.984375
41836.83984375
42304.671875
42811.765625
42495.19140625
42424.1015625
42494.3046875
42851.12890625
42505.94140625
42641.3671875
43237.80078125
42272.01953125
42502.96484375
42702.02734375
42870.29296875
42492.66015625
42868.48046875
42322.671875
42462.8359375
42782.9140625
42732.859375
42737.734375
42293.37109375
42741.5
42514.08984375
42260.203125
41997.796875
42137.875
42335.95703125
42307.0625
42271.5625
42717.0703125
42223.30859375
42868.75390625
43268.34765625
42917.5546875
42934.1953125
42955.77734375
42045.046875
41810.4609375
41716.72265625
42568.59765625
42292.0703125
41797.2421875
41742.19921875
41753.9765625
41772.85546875
41075.73046875
41183.515625
42094.96875
41247.25390625
41073.71875
40754.08984375
40881.94140625
40849.71875
41426.95703125
40821.7421875
41561.32421875
41960.63671875
41801.69140625
41757.296875
41800.734375
42354.59765625
41717.3125
41942.90234375
41380.84375
41427.23046875
42030.30859375
42186.89453125
41139.46484375
41434.85546875
41721.1015625
41506.0
41891.45703125
42428.7890625
43001.875
42723.9140625
42327.55859375
42469.203125
42157.39453125
42204.79296875
41544.00390625
42920.19921875
41981.47265625
42024.98046875
41738.37109375
42085.375
42262.80859375
42043.01953125
42560.9921875
41948.1328125
42290.765625
42254.6640625
42253.39453125
42195.01953125
41935.546875
42009.640625
41755.48046875
42282.421875
42097.64453125
42556.69921875
41740.80859375
42182.62890625
41835.85546875
41768.27734375
41578.57421875
41546.6171875
41051.3125
41210.9296875
41415.4921875
42049.734375
41561.234375
41619.01171875
41896.34765625
41511.04296875
41407.2421875
41678.09765625
41910.2421875
41965.4453125
41498.1796875
41550.26171875
41907.640625
41616.9609375
41701.4765625
41712.66796875
41488.04296875
41506.5078125
41339.25390625
41797.8828125
42003.7890625
41769.421875
42051.85546875
41703.234375
42104.93359375
41455.9375
41590.6484375
41355.91796875
41163.42578125
41799.63671875
41339.7265625
41165.92578125
41302.83203125
41219.82421875
41849.98828125
40861.9375
42062.125
41900.25
41788.19140625
41248.67578125
42406.2109375
42018.46484375
42057.828125
41600.1171875
41876.0078125
41829.68359375
41423.94921875
41152.89453125
41020.4453125
41155.07421875
40842.0546875
40890.03125
40752.39453125
40777.30078125
40857.14453125
41259.09375
41167.86328125
41307.20703125
41147.875
41116.07421875
40959.7109375
41026.375
40267.48046875
41197.94921875
40883.6953125
41094.875
41163.21875
40944.625
40838.359375
41031.55078125
41233.12109375
40072.3046875
40812.5
40845.08203125
40881.18359375
41030.87890625
41597.05859375
40563.7265625
40683.76953125
40666.06640625
41339.01953125
41087.16015625
41157.6484375
41213.2265625
40940.55859375
40808.11328125
40541.06640625
40606.609375
40814.69140625
40526.4375
40599.66796875
40466.0390625
40399.7109375
40579.06640625
40624.29296875
40926.453125
41709.06640625
41627.46875
41209.10546875
41533.53125
41281.09765625
41085.9453125
41363.41796875
41710.75
42312.34765625
41770.8359375
41863.66796875
42231.4609375
42317.69921875
42484.375
42720.36328125
42895.48828125
42620.91015625
42434.55859375
42986.7578125
42505.828125
42111.28125
42862.0390625
42376.0859375
42435.8359375
42549.50390625
42189.0234375
41850.44921875
41774.3984375
41802.51171875
41766.40234375
42438.31640625
42334.94140625
41942.2890625
41962.5859375
42309.21484375
41693.8515625
41724.70703125
42110.07421875
42389.33984375
42036.078125
42236.69140625
41856.9765625
41505.93359375
42220.61328125
41724.1796875
41792.93359375
41670.78125
42291.21875
41747.2578125
41868.921875
41984.734375
41694.171875
41989.578125
41603.6953125
41785.765625
42392.4296875
41476.75
41512.0859375
41147.4609375
41767.82421875
41310.84375
41759.4296875
41371.046875
41465.8046875
41903.6953125
42146.40625
41323.45703125
41528.14453125
41628.046875
41247.046875
41955.171875
41782.26171875
41523.484375
41482.796875
42109.93359375
42086.03125
42701.47265625
42186.421875
42509.67578125
41961.15234375
42765.28515625
42838.86328125
41953.96484375
42023.19140625
42537.64453125
42447.9140625
42231.3203125
42402.17578125
42455.81640625
42769.58203125
42534.23828125
42355.7734375
42550.3671875
41682.03125
42204.1875
42995.30859375
42881.98046875
42171.8125
42378.34375
42183.04296875
42545.95703125
42635.51953125
41792.9296875
42299.97265625
42149.69921875
41417.5859375
41231.73046875
41710.74609375
41431.1796875
41315.5703125
41528.07421875
41563.2578125
41797.5625
41491.80859375
41676.125
41547.19140625
41666.2578125
41697.34765625
41726.33984375
41351.14453125
41682.44140625
41850.69921875
42044.68359375
42062.90234375
42111.828125
42082.3203125
42096.62890625
41954.625
41435.5625
41614.62890625
41267.51171875
41140.16015625
41489.48828125
42066.296875
42318.17578125
42167.80859375
42261.05859375
42362.25
42052.46875
42657.46484375
42973.26171875
42333.16796875
42693.625
41935.984375
42124.74609375
42288.59375
42454.73046875
42459.98046875
42825.0
42667.83203125
42093.7578125
42773.3359375
42747.06640625
42706.078125
42716.46484375
42714.8046875
43085.90625
43325.5390625
42653.6875
42865.97265625
43296.0546875
43261.61328125
43082.359375
43486.90625
43535.5546875
43602.4453125
43515.234375
43721.79296875
43513.1328125
43219.26953125
42795.3828125
42856.7421875
42680.13671875
42399.1328125
42002.66796875
42088.125
42204.03515625
42044.55859375
41980.4609375
42016.3125
42277.61328125
41660.2421875
41612.35546875
41928.25
41642.61328125
41871.9140625
42628.65234375
42138.55859375
42072.2265625
43341.171875
42252.921875
42053.44921875
42033.72265625
42626.91015625
42182.40234375
42477.4453125
42397.93359375
42478.1171875
42186.12890625
41840.375
41656.87109375
41635.30859375
41795.53125
41681.33984375
41966.92578125
42094.6640625
41318.67578125
41946.578125
41525.765625
41734.17578125
41648.375
42592.5859375
42868.45703125
42622.94140625
42494.05859375
43144.33203125
42801.4453125
42778.58203125
42282.875
42153.4609375
42396.91015625
42388.7109375
42044.25
42357.32421875
42149.3125
42451.4921875
42043.4453125
42170.609375
42333.8515625
42383.09765625
42630.04296875
42468.5078125
42043.59765625
42563.08984375
42114.125
42449.64453125
42326.69140625
42463.76171875
42162.59765625
41861.85546875
