11443.30712890625
11440.5009765625
11457.419921875
11444.849609375
11459.87744140625
11399.8212890625
11421.24755859375
11408.01318359375
11445.0654296875
11406.04931640625
11401.8056640625
11434.24169921875
11421.1865234375
11380.01318359375
11402.27392578125
11409.30908203125
11481.67333984375
11449.66259765625
11430.31298828125
11413.47900390625
11431.34814453125
11423.00439453125
11427.1669921875
11480.10693359375
11444.32470703125
11460.47216796875
11433.14794921875
11474.32666015625
11414.87841796875
11432.3017578125
11401.619140625
11431.93798828125
11453.42626953125
11419.17919921875
11442.5654296875
11422.88427734375
11403.94091796875
11463.31640625
11445.01025390625
11406.72509765625
11448.44189453125
11421.38232421875
11375.2021484375
11356.56396484375
11408.89208984375
11336.14013671875
11385.38427734375
11313.18994140625
11360.36865234375
11411.4453125
11374.6865234375
11366.4560546875
11359.6630859375
11339.84423828125
11358.869140625
11331.189453125
11338.55126953125
11341.33349609375
11343.84326171875
11301.5185546875
11347.99267578125
11364.0986328125
11309.16162109375
11324.14111328125
11302.001953125
11299.2646484375
11330.80615234375
11324.37451171875
11296.72314453125
11325.2939453125
11342.93115234375
11412.439453125
11333.7099609375
11324.97021484375
11338.15576171875
11362.6474609375
11386.3740234375
11369.54345703125
11335.8037109375
11407.03759765625
11387.98779296875
11367.62451171875
11353.92138671875
11373.42626953125
11388.96142578125
11364.490234375
11382.80615234375
11315.326171875
11357.251953125
11302.18115234375
11356.40380859375
11355.810546875
11376.3017578125
11404.89306640625
11438.32177734375
11466.3388671875
11412.17822265625
11415.1318359375
11413.3984375
11415.4794921875
11386.83837890625
11454.8984375
11367.72265625
11436.24169921875
11367.8759765625
11401.63623046875
11427.53271484375
11393.60791015625
11432.52197265625
11444.1533203125
11478.3095703125
11439.6171875
11437.484375
11412.0107421875
11439.412109375
11465.8134765625
11483.17529296875
11448.908203125
11432.4638671875
11416.06201171875
11477.79833984375
11424.7626953125
11417.9375
11463.72412109375
11414.43212890625
11456.041015625
11382.419921875
11439.68359375
11404.92724609375
11440.1103515625
11477.6796875
11460.9736328125
11401.17529296875
11410.580078125
11408.578125
11424.12939453125
11455.044921875
11394.1591796875
11384.1865234375
11382.77783203125
11368.115234375
11416.54541015625
11385.07373046875
11391.720703125
11378.59326171875
11410.3388671875
11445.49658203125
11363.724609375
11344.16650390625
11399.54248046875
11419.17626953125
11402.66943359375
11382.4609375
11414.0322265625
11392.0078125
11361.7294921875
11356.173828125
11387.66845703125
11427.1748046875
11372.30126953125
11428.32568359375
11376.8115234375
11411.85400390625
11357.72314453125
11376.34326171875
11404.1220703125
11413.38134765625
11356.46240234375
11357.56005859375
11406.16455078125
11407.7431640625
11401.6005859375
11394.943359375
11420.54541015625
11458.5859375
11421.5400390625
11417.8203125
11421.47998046875
11383.001953125
11386.646484375
11450.16064453125
11403.08642578125
11383.14013671875
11379.95654296875
11401.5302734375
11351.72509765625
11429.3447265625
11367.23095703125
11408.04638671875
11381.3671875
11382.80810546875
11379.99560546875
11356.26904296875
11367.21044921875
11384.0654296875
11370.869140625
11371.0458984375
11429.75
11355.115234375
11416.27880859375
11403.89453125
11396.900390625
11386.666015625
11403.2529296875
11407.37451171875
11396.0810546875
11403.55419921875
11408.42041015625
11398.513671875
11410.2412109375
11399.53173828125
11379.63330078125
11412.7041015625
11391.7529296875
11409.859375
11367.08642578125
11394.828125
11406.927734375
11390.78466796875
11402.81884765625
11438.86279296875
11400.58837890625
11407.60107421875
11349.2294921875
11362.7373046875
11400.38134765625
11369.84326171875
11344.76318359375
11352.19384765625
11358.51806640625
11384.94091796875
11360.05078125
11370.4345703125
11387.41259765625
11400.283203125
11419.48779296875
11368.86328125
11418.96826171875
11356.05419921875
11370.3056640625
11400.85693359375
11382.45654296875
11391.76708984375
11389.4736328125
11398.17626953125
11395.05126953125
11340.10546875
11336.595703125
11362.37646484375
11364.96875
11344.16796875
11344.34130859375
11360.78369140625
11357.7158203125
11342.6513671875
11387.7802734375
11398.2119140625
11348.80859375
11429.7705078125
11411.92578125
11345.81005859375
11391.6962890625
11395.83984375
11352.56982421875
11361.05322265625
11426.423828125
11430.541015625
11433.541015625
11362.99365234375
11369.2021484375
11373.2353515625
11358.8525390625
11385.220703125
11385.65234375
11344.2080078125
11405.466796875
11407.125
11395.8896484375
11398.49365234375
11376.146484375
11361.0849609375
11376.5546875
11375.14697265625
11375.04150390625
11394.826171875
11376.32373046875
11386.509765625
11440.142578125
11387.2294921875
11389.37841796875
11381.5478515625
11368.76416015625
11363.30029296875
11394.81005859375
11381.15234375
11389.40234375
11383.24658203125
11405.91748046875
11361.92529296875
11378.1875
11363.15771484375
11396.7060546875
11386.8212890625
11376.5751953125
11348.26416015625
11384.84716796875
11405.70068359375
11418.326171875
11405.57421875
11399.44921875
11393.42724609375
11425.7578125
11357.80615234375
11393.1611328125
11396.681640625
11379.318359375
11335.0849609375
11410.8037109375
11379.9765625
11351.16650390625
11359.95361328125
11322.91845703125
11350.75439453125
11406.77294921875
11398.63134765625
11402.7490234375
11402.5908203125
11383.888671875
11381.8291015625
11368.361328125
11364.79150390625
11387.66845703125
11334.7041015625
11364.23876953125
11352.77685546875
11321.5673828125
11363.27294921875
11344.24658203125
11404.06689453125
11394.6650390625
11400.4306640625
11423.47119140625
11407.8916015625
11371.52587890625
11376.791015625
11380.48828125
11346.45068359375
11347.1201171875
11387.19677734375
11389.66259765625
11350.57763671875
11367.59521484375
11369.25732421875
11396.125
11403.4462890625
11356.564453125
11356.08154296875
11352.23095703125
11353.74462890625
11374.57275390625
11383.84033203125
11359.94287109375
11422.63232421875
11402.95751953125
11383.77392578125
11381.7021484375
11401.16357421875
11389.53955078125
11382.22802734375
11339.19287109375
11410.12890625
11406.47265625
11419.14599609375
11381.71484375
11399.19677734375
11407.638671875
11372.03759765625
11405.85791015625
11396.18310546875
11381.1201171875
11366.2236328125
11382.81689453125
11383.28955078125
11396.01171875
11353.4521484375
11375.11474609375
11362.701171875
11342.96142578125
11324.53662109375
11337.17822265625
11314.37451171875
11306.61669921875
11364.8583984375
11360.83349609375
11360.412109375
11361.009765625
11299.609375
11350.71337890625
11348.65478515625
11361.306640625
11371.64794921875
11351.537109375
11322.86865234375
11348.3408203125
11324.2021484375
11364.05908203125
11324.98291015625
11378.0703125
11288.9560546875
11369.5615234375
11287.060546875
11374.9384765625
11359.27978515625
11305.37939453125
11353.3818359375
11318.77490234375
11371.529296875
11371.82080078125
11336.30908203125
11331.34765625
11301.75341796875
11295.333984375
11348.951171875
11351.52001953125
11343.47265625
11287.0380859375
11321.8515625
11331.18701171875
11412.44482421875
11310.7314453125
11367.81005859375
11352.23291015625
11397.080078125
11370.67431640625
11375.77783203125
11339.70751953125
11390.57275390625
11366.85107421875
11338.46240234375
11345.73486328125
11387.888671875
11387.271484375
11371.044921875
11330.3544921875
11324.8193359375
11348.8935546875
11295.375
11286.6767578125
11286.498046875
11297.28369140625
11360.50146484375
11319.04443359375
11348.02783203125
11365.87353515625
11298.375
11288.00537109375
11372.31103515625
11311.13720703125
11364.703125
11328.86962890625
11336.18359375
11344.1484375
11317.54150390625
11341.2275390625
11313.31591796875
11292.72705078125
11309.6650390625
11314.76953125
11328.04931640625
11331.3623046875
11339.5546875
11322.8955078125
11285.11279296875
11320.171875
11330.255859375
11346.4287109375
11394.02001953125
11377.19384765625
11319.0263671875
11369.0537109375
11391.73046875
11367.8369140625
11360.078125
11384.14453125
11348.84326171875
11352.15087890625
11383.42431640625
11357.4765625
11364.63525390625
11334.97314453125
11326.1455078125
11374.205078125
11326.01025390625
11278.12060546875
11327.4423828125
11303.66796875
11364.73583984375
11352.599609375
11348.76171875
11305.873046875
11368.4033203125
11364.19775390625
11348.00146484375
11326.32958984375
11309.9853515625
11360.01171875
11327.1181640625
11295.99560546875
11306.990234375
11279.2333984375
11300.0634765625
11347.7197265625
11286.66064453125
11323.58984375
11273.8017578125
11269.9853515625
11291.79345703125
11283.0556640625
11303.0107421875
11307.68994140625
11333.92919921875
11388.373046875
11358.486328125
11318.91064453125
11329.9111328125
11362.904296875
11342.3359375
11320.150390625
11365.38525390625
11376.06982421875
11351.2548828125
11382.21875
11348.34814453125
11355.66748046875
11356.279296875
11362.2783203125
11393.0703125
11380.1875
11357.4345703125
11378.97216796875
11373.67919921875
11375.29736328125
11390.23193359375
11301.41259765625
11355.51025390625
11319.8154296875
11343.77392578125
11301.99755859375
11293.05615234375
11313.14697265625
11353.7919921875
11329.43115234375
11331.84326171875
11362.5390625
11297.58056640625
11389.4609375
11389.8759765625
11344.06689453125
11359.98876953125
11331.87255859375
11355.51806640625
11322.6142578125
11276.9658203125
11296.22119140625
11286.138671875
11301.28076171875
11254.84765625
11338.68359375
11238.5791015625
11248.30810546875
11286.27001953125
11276.69384765625
11280.6416015625
11297.98583984375
11329.41259765625
11330.806640625
11288.29345703125
11289.06640625
11333.43798828125
11249.86181640625
11298.18994140625
11278.99267578125
11272.06640625
11280.818359375
11276.7744140625
11274.7373046875
11335.306640625
11317.42236328125
11301.55419921875
11315.19091796875
11286.4384765625
11302.56494140625
11327.17236328125
11241.18017578125
11270.21435546875
11297.30078125
11331.59521484375
11317.041015625
11292.74755859375
11299.03662109375
11308.75
11310.52490234375
11318.94921875
11286.1845703125
11283.68896484375
11305.88427734375
11297.181640625
11274.2255859375
11286.28369140625
11240.45751953125
11303.72998046875
11313.0380859375
11230.06787109375
11247.35546875
11235.396484375
11280.81884765625
11238.8671875
11206.2646484375
11293.62890625
11239.69677734375
11254.53466796875
11236.763671875
11270.27587890625
11265.5888671875
11223.5615234375
11285.18505859375
11282.9755859375
11279.13818359375
11268.34716796875
11286.17822265625
11291.373046875
11306.29296875
11305.32080078125
11241.5537109375
11237.28076171875
11288.796875
11290.8662109375
11246.63623046875
11266.3125
11259.833984375
11241.73779296875
11247.50390625
11267.14404296875
11305.4765625
11314.8662109375
11284.83203125
11310.330078125
11255.24951171875
11285.751953125
11290.6171875
11275.74951171875
11315.49755859375
11310.63037109375
11322.0634765625
11324.1171875
11302.41015625
11362.599609375
11327.67333984375
11347.02197265625
11332.474609375
11299.81787109375
11314.97119140625
11323.4228515625
11308.17431640625
11316.369140625
11292.46044921875
11290.17333984375
11299.236328125
11331.84375
11303.75341796875
11323.7275390625
11331.9326171875
11334.59326171875
11368.38427734375
11311.84033203125
11349.41845703125
11369.90869140625
11327.53515625
11351.67578125
11315.77099609375
11321.27490234375
11328.337890625
11291.75732421875
11289.42626953125
11272.84521484375
11272.41943359375
11279.38037109375
11239.02978515625
11238.00390625
11303.60791015625
11227.25927734375
11283.455078125
11296.80615234375
11284.35009765625
11290.8759765625
11248.22802734375
11324.0732421875
11282.8388671875
11304.68798828125
11267.11328125
11262.388671875
11244.6728515625
11239.72900390625
11331.994140625
11330.1171875
11260.17431640625
11277.82080078125
11244.4580078125
11255.662109375
11263.998046875
11283.8916015625
11286.0576171875
11288.36865234375
11276.33154296875
11298.99853515625
11309.6513671875
11288.25048828125
11305.27001953125
11296.1083984375
11278.15087890625
11274.03271484375
11340.32763671875
11316.05224609375
11247.0029296875
11274.41552734375
11332.5546875
11288.50146484375
11308.6123046875
11313.44921875
11284.41943359375
11269.111328125
11246.14306640625
11300.09130859375
11310.5244140625
11369.017578125
11266.35400390625
11303.09521484375
11244.7470703125
11298.31689453125
11291.25146484375
11293.13037109375
11273.630859375
11331.29736328125
11340.8125
11342.45849609375
11302.50244140625
11305.97412109375
11281.17626953125
11330.59130859375
11324.13232421875
11302.17138671875
11248.09765625
11284.7763671875
11273.9775390625
11275.28369140625
11314.22119140625
11309.828125
11307.3310546875
11280.20654296875
11326.7646484375
11317.125
11328.49072265625
11348.017578125
11299.6435546875
11314.48681640625
11260.8466796875
11242.06396484375
11253.275390625
11236.853515625
11217.8095703125
11214.12744140625
11248.3173828125
11213.7529296875
11213.2783203125
11252.10791015625
11215.736328125
11215.4892578125
11269.7548828125
11218.14453125
11257.7158203125
11260.21826171875
11349.11279296875
11309.92822265625
11291.4189453125
11255.6220703125
11306.66552734375
11264.60888671875
11277.2421875
11300.51220703125
11291.00537109375
11271.123046875
11292.58203125
11294.53173828125
11270.52099609375
11306.3525390625
11260.41943359375
11263.3701171875
11247.29345703125
11282.95849609375
11272.09521484375
11282.38427734375
11350.53759765625
11289.4208984375
11288.36669921875
11301.06689453125
11272.0244140625
11280.5361328125
11296.298828125
11328.4970703125
11277.3740234375
11284.13671875
11323.3818359375
11282.33447265625
11249.73291015625
11252.29052734375
11306.28515625
11272.26806640625
11307.0859375
11306.17138671875
11267.2578125
11279.291015625
11269.2197265625
11262.2763671875
11248.47021484375
11268.8515625
11305.44140625
11262.07568359375
11277.20068359375
11245.3994140625
11236.955078125
11232.65478515625
11223.6044921875
11262.10107421875
11265.6171875
11290.67431640625
11297.08642578125
11245.181640625
11240.9951171875
11253.65380859375
11305.0478515625
11266.775390625
11276.5703125
11278.07080078125
11240.89697265625
11242.4638671875
11266.09814453125
11217.96630859375
11210.7880859375
11202.0400390625
11245.0439453125
11266.9638671875
11288.853515625
11263.30029296875
11292.095703125
11310.83251953125
11246.4140625
11231.60205078125
11284.1484375
11268.72021484375
11250.23974609375
11308.2607421875
11295.76171875
11269.6376953125
11300.9404296875
11306.037109375
11309.7275390625
11251.80078125
11266.1337890625
11298.3525390625
11291.00341796875
11309.28564453125
11297.75
11313.2412109375
11243.81982421875
11331.82275390625
11323.08935546875
11295.1142578125
11333.837890625
11303.123046875
11279.19677734375
11341.64111328125
11295.41357421875
11294.96875
11268.18603515625
11275.95947265625
11287.7294921875
11313.8349609375
11316.54443359375
11300.50439453125
11295.79541015625
11294.7880859375
11327.931640625
11329.21533203125
11360.6875
11310.74560546875
11295.74462890625
11313.33251953125
11302.24560546875
11337.0830078125
11331.8369140625
11311.41162109375
11263.31591796875
11280.26513671875
11276.876953125
11289.06787109375
11239.05419921875
11298.23583984375
11328.77294921875
11288.73779296875
11327.048828125
11315.10791015625
11284.2333984375
11305.59423828125
11304.30517578125
11331.24365234375
11281.1689453125
11311.8623046875
11273.90771484375
11308.927734375
11316.5625
11351.1708984375
11358.3720703125
11309.18212890625
11306.98876953125
11328.6044921875
11293.345703125
11286.14501953125
11321.0517578125
11345.833984375
11371.03173828125
11326.2236328125
11274.4638671875
11347.29541015625
11333.64599609375
11313.4365234375
11280.7919921875
11313.5732421875
11319.55615234375
11291.41552734375
11341.36083984375
11307.966796875
11350.37841796875
11304.2958984375
11297.736328125
11358.27001953125
11294.8896484375
11332.6787109375
11337.54833984375
11379.5029296875
11376.5234375
11329.0126953125
11347.8427734375
11403.865234375
11337.79931640625
11370.927734375
11328.5224609375
11327.4404296875
11416.697265625
11360.353515625
11391.53662109375
11333.51318359375
11345.5224609375
11379.353515625
11345.12060546875
11299.6279296875
11359.666015625
11322.796875
11367.8896484375
11380.28564453125
11333.775390625
11351.87255859375
11380.763671875
11332.8388671875
11361.501953125
11320.82568359375
11338.93359375
11378.77490234375
11383.58203125
11329.69677734375
11328.255859375
11329.37841796875
11328.80224609375
11358.08837890625
11332.4580078125
11299.4794921875
11293.33203125
11294.81005859375
11282.5576171875
11323.5986328125
11325.31884765625
11302.19921875
11309.18701171875
11306.1591796875
11286.208984375
11376.4755859375
11370.3427734375
11347.94287109375
11330.763671875
11362.51416015625
11347.73486328125
11355.39306640625
