54283.67578125
54628.09765625
54261.203125
53947.671875
53935.0078125
54038.8671875
53972.56640625
54074.89453125
54060.36328125
54008.5
54125.546875
53754.99609375
54047.72265625
54068.05859375
54059.9609375
53849.546875
54014.71875
54000.765625
54063.51171875
53999.53515625
54443.09375
54147.80078125
54477.17578125
53785.77734375
54427.5390625
54108.63671875
54312.015625
53825.1484375
54267.26171875
54113.90234375
53955.53125
54674.5078125
54951.65625
54659.41796875
54472.72265625
54037.1328125
54334.7578125
53785.4375
53758.765625
53562.6484375
53678.55078125
53839.453125
53989.4296875
54133.2734375
53878.26953125
53533.4609375
53739.5546875
53554.15625
53365.13671875
53987.76171875
53488.28515625
53843.8125
53300.05078125
53472.5390625
53091.85546875
53936.53515625
53976.109375
54445.69140625
54067.47265625
54222.6953125
53880.48046875
53976.1953125
53864.7421875
54641.80078125
54472.3984375
54101.2890625
53698.19921875
54486.44140625
53915.52734375
54423.00390625
54438.2578125
54772.95703125
53815.62890625
54267.7578125
54397.55078125
55014.8203125
54098.0625
54238.875
54337.83203125
54340.31640625
54019.35546875
53910.0
54253.03125
54574.03515625
54967.8671875
54306.8046875
54479.1953125
53994.21875
54129.74609375
53835.21875
54079.10546875
54074.265625
53936.2265625
54327.44921875
54751.13671875
54996.44140625
54735.16015625
54728.6171875
54697.65234375
54423.828125
53935.17578125
54309.10546875
53743.1640625
54518.94140625
54366.25390625
53811.4921875
54640.296875
54191.67578125
54241.015625
54410.92578125
54750.45703125
54506.58984375
54421.38671875
54577.375
54448.11328125
54694.72265625
55056.9375
54369.609375
54354.05078125
54002.93359375
54156.87109375
54598.91796875
54349.46875
53991.296875
54066.68359375
54449.38671875
54215.6953125
54250.79296875
54291.046875
54175.9140625
55012.5546875
54548.49609375
54094.8359375
54120.40234375
54070.8671875
53896.2265625
54269.140625
54039.16796875
54287.171875
53922.546875
53640.05859375
54034.859375
54617.9140625
54703.2890625
54533.19140625
54823.375
54761.44140625
54456.53125
54384.73828125
54560.56640625
54750.12890625
54793.08984375
55284.0546875
55209.421875
54790.5390625
55091.31640625
54871.359375
55035.7265625
55023.83984375
55051.44921875
55460.5546875
55285.11328125
55279.72265625
54661.234375
54530.46875
54271.5859375
54581.8984375
54189.75
54515.49609375
54583.5625
54937.61328125
54443.4140625
53976.99609375
54462.58203125
54780.46484375
54907.796875
55077.96484375
54775.140625
54145.51171875
55357.78515625
55286.01171875
55471.609375
55113.125
54753.515625
54534.8359375
54645.1484375
54204.6953125
54308.1484375
54158.46875
53987.71875
54075.3828125
54160.859375
53821.43359375
54041.32421875
54033.77734375
54207.97265625
54039.49609375
54375.8984375
53686.05859375
53772.55859375
53371.546875
53587.78515625
53287.5546875
54043.05859375
53470.6953125
53109.33984375
53568.8515625
53481.4453125
53136.671875
53762.41796875
53470.921875
53434.71875
53578.72265625
53851.921875
53359.44921875
53985.890625
53041.16015625
53898.8515625
54130.41796875
53761.828125
54098.86328125
53614.890625
53679.55078125
53118.7109375
53005.0546875
53783.52734375
53910.3515625
53970.3125
55014.35546875
54131.34765625
54080.14453125
54280.0
54046.125
53929.859375
54005.81640625
53784.5625
53671.76171875
53934.5703125
53487.546875
53916.9140625
53887.0859375
53657.0703125
54030.36328125
53754.78125
53571.0078125
53758.32421875
53208.71875
54170.453125
53105.59375
53443.69921875
53193.84765625
53438.2109375
53012.609375
53221.82421875
53617.80078125
53554.58984375
54060.12109375
53515.87890625
53845.46875
53475.0546875
53087.9375
53122.8515625
52678.58203125
52592.04296875
52612.94921875
53095.26171875
52652.953125
53100.359375
53121.6328125
53338.28125
53659.56640625
53752.26953125
53487.51171875
53773.09765625
53435.3203125
53596.37890625
53767.9609375
53651.26953125
53508.46484375
53214.40234375
53459.859375
53276.75390625
53762.7734375
53287.65625
53581.09765625
53124.9921875
52909.0
52816.90234375
53224.19140625
53286.6015625
53175.296875
53288.640625
52922.3359375
52976.19140625
52691.078125
52858.0
53155.53125
53099.6015625
52836.33984375
53528.6875
53353.01171875
53836.9609375
53758.828125
54104.31640625
53488.4375
53521.1796875
53554.11328125
53916.30078125
53367.046875
53583.0
53800.55859375
54297.22265625
54008.1875
53926.1796875
53433.39453125
53800.3046875
54078.296875
54133.98046875
53974.37109375
53918.375
53757.828125
53849.81640625
54096.7734375
53686.953125
53269.625
53468.98046875
53043.55859375
53067.57421875
52940.74609375
52710.36328125
52839.7265625
53227.92578125
53264.08984375
52831.484375
52778.21875
52723.26171875
53109.46875
52944.75390625
53472.97265625
53365.3203125
53275.390625
53238.2734375
53706.109375
53922.8671875
53709.62109375
53696.234375
53541.4375
53188.62890625
53689.66015625
53693.27734375
53411.2265625
53110.66796875
53124.7109375
53582.2421875
53417.90625
53502.71875
53353.73046875
53131.7734375
52931.28125
53547.10546875
53732.9921875
53499.83203125
53982.0390625
53913.0546875
53738.609375
53734.46484375
53730.109375
53563.3671875
53312.4296875
53217.96875
53841.0703125
53627.0546875
53453.82421875
54032.6171875
53639.82421875
53269.05078125
53739.9140625
54063.0625
53411.30078125
52822.3359375
53007.28125
52387.953125
52818.8671875
52799.3203125
52392.66796875
53099.43359375
53185.59765625
53540.9609375
53258.93359375
52580.88671875
52537.18359375
53023.0
52867.0859375
52465.10546875
53282.85546875
52772.140625
52433.4140625
53061.859375
53167.36328125
52990.01171875
53585.80078125
53259.70703125
53604.7734375
53493.1640625
52854.37890625
53409.9296875
54229.51171875
54312.97265625
53645.96484375
53368.95703125
53334.8046875
54188.80078125
53209.85546875
53376.890625
53231.05859375
53639.15234375
54215.68359375
53181.41796875
53176.17578125
53362.32421875
53229.6015625
53739.59765625
54042.0859375
54059.25390625
54075.39453125
53475.5
54014.26953125
53182.83984375
53873.05859375
53616.94140625
54681.328125
54511.7265625
54266.90234375
54668.5625
54641.91796875
53885.3671875
53587.93359375
53860.8828125
54340.75
53659.44921875
53310.30859375
53409.96875
54210.06640625
53662.04296875
53978.3359375
53378.58984375
53411.50390625
53646.89453125
54065.734375
53941.4765625
53836.97265625
53601.46484375
54494.13671875
54081.390625
54266.46484375
54380.58203125
54277.09375
53499.88671875
53713.33203125
54060.81640625
53763.53515625
53501.0
53761.11328125
53171.52734375
52878.92578125
53564.56640625
53278.40234375
53232.6171875
53384.3125
53717.7421875
53999.65625
53514.08203125
53534.09765625
53933.1796875
53677.7109375
53466.3671875
53111.62109375
53936.046875
53679.76171875
54302.9921875
53680.19140625
53015.73046875
53234.390625
52875.59765625
53653.2734375
53469.42578125
53260.53125
53021.56640625
53471.56640625
53075.46875
53589.12890625
53226.80078125
53712.59765625
53278.4140625
53999.8046875
54049.34765625
53508.75390625
53669.7421875
53281.88671875
53141.01953125
53223.984375
53394.86328125
53881.29296875
53397.44921875
53458.9609375
53617.60546875
53618.0546875
53642.8984375
53816.88671875
53425.72265625
53783.22265625
53564.640625
54121.93359375
54284.75390625
53765.68359375
53925.5546875
53141.33203125
53397.44140625
53985.953125
53625.4765625
53189.47265625
53580.1640625
53819.95703125
53846.1875
53604.01171875
53964.85546875
53687.7890625
53755.8359375
53820.29296875
53669.5859375
53963.1953125
53594.390625
53732.95703125
53273.9140625
53686.87109375
53942.25
53754.2734375
53553.70703125
53130.875
53042.10546875
53144.72265625
53295.17578125
52597.81640625
52476.75
52499.03125
52769.453125
52799.0390625
52753.54296875
52927.89453125
52936.1484375
53254.01171875
52314.23046875
53069.65625
52437.67578125
52347.4375
53415.55859375
53025.15234375
52734.96484375
53220.6875
53671.9765625
53420.86328125
53291.7890625
53310.01171875
53697.08984375
53287.37109375
53482.875
53989.609375
53182.82421875
53254.7890625
53477.95703125
53716.875
53311.00390625
53701.68359375
53154.421875
53366.953125
53712.43359375
53579.46875
53572.3515625
53228.99609375
53535.76953125
53368.01171875
53112.72265625
52842.390625
52989.38671875
53148.7421875
53144.51953125
53199.71875
53619.17578125
53097.28125
53776.765625
54098.55859375
53773.890625
53832.34765625
53703.2890625
52828.86328125
52667.46875
52643.59765625
53458.53125
53141.4609375
52679.90625
52635.421875
52652.2265625
52672.109375
51955.73828125
52079.234375
53011.41796875
52145.87109375
51955.796875
51658.390625
51689.9296875
51773.26953125
52373.7734375
51626.9375
52380.578125
52728.50390625
52663.14453125
52567.1953125
52524.703125
53206.375
52473.6875
52758.34375
52143.40625
52259.78125
52866.375
52902.55859375
51958.5078125
52273.58203125
52555.73046875
52320.74609375
52708.67578125
53272.46875
53855.94140625
53608.5859375
53072.85546875
53253.3046875
53046.44140625
53082.53515625
52324.83984375
53750.95703125
52795.87890625
52801.09375
52522.0
52912.08984375
53147.37109375
52951.22265625
53437.87890625
52854.4375
53070.01171875
53111.39453125
53070.60546875
52990.3203125
52787.515625
52856.95703125
52566.6796875
53131.765625
52895.12109375
53438.6171875
52566.40234375
53052.203125
52696.0
52551.6875
52424.63671875
52389.71875
51883.36328125
52053.859375
52219.5
52833.93359375
52358.91015625
52485.92578125
52709.8359375
52363.62109375
52263.76171875
52554.30859375
52829.3046875
52758.94921875
52340.20703125
52446.390625
52705.2734375
52481.2578125
52474.73046875
52542.3828125
52346.67578125
52336.14453125
52152.40625
52577.44921875
52794.9765625
52591.63671875
52793.38671875
52489.21484375
52993.78125
52209.43359375
52441.9453125
52238.5625
51999.18359375
52662.82421875
52112.953125
52099.3046875
52120.55078125
52083.9921875
52666.27734375
51639.8203125
52858.265625
52641.8984375
52735.296875
52176.1796875
53235.66796875
52862.51953125
52839.390625
52400.05078125
52700.23046875
52707.0
52248.53515625
51987.81640625
51834.45703125
51996.8828125
51704.953125
51714.765625
51621.12109375
51616.703125
51679.453125
52044.41796875
52109.66015625
52183.1171875
51907.6796875
51924.14453125
51855.30859375
51833.2265625
51135.91015625
52038.4296875
51694.640625
51883.8671875
51909.453125
51798.34375
51683.14453125
52006.421875
52018.5234375
50899.4609375
51524.6640625
51635.2109375
51683.828125
51814.87890625
52356.63671875
51417.921875
51579.61328125
51569.84765625
52144.5
51934.25390625
51954.73046875
52078.484375
51796.2734375
51640.625
51303.6796875
51420.18359375
51634.78125
51330.53125
51477.20703125
51340.27734375
51274.03515625
51396.39453125
51532.62109375
51806.40625
52615.5625
52577.23828125
52091.51171875
52454.72265625
52101.33203125
51898.00390625
52191.56640625
52513.44140625
53076.953125
52510.11328125
52656.74609375
52967.24609375
53073.23828125
53297.91796875
53479.9765625
53634.31640625
53481.8046875
53207.66015625
53786.37109375
53349.55078125
53089.02734375
53752.54296875
53247.546875
53242.67578125
53424.81640625
52982.3359375
52676.0078125
52618.8046875
52649.25
52537.65625
53279.12109375
53181.76171875
52741.91796875
52849.953125
53113.37890625
52468.421875
52488.0390625
52920.4453125
53188.9609375
52873.1875
53176.08984375
52670.74609375
52331.55078125
53071.41015625
52534.01171875
52608.59765625
52535.5
53231.765625
52573.07421875
52705.3125
52889.671875
52502.86328125
52753.34375
52362.86328125
52653.5546875
53211.00390625
52323.09765625
52364.21484375
51929.375
52578.8828125
52101.12109375
52532.86328125
52138.63671875
52293.609375
52778.6640625
52945.01953125
52173.6640625
52312.83984375
52411.078125
52025.91796875
52696.5
52597.83203125
52364.2578125
52327.1796875
52974.96484375
52880.23828125
53504.84375
52994.390625
53406.6953125
52786.4921875
53628.40234375
53689.75
52720.99609375
52802.4375
53336.4765625
53189.80078125
53001.55078125
53109.25
53234.3125
53543.94140625
53371.81640625
53180.5
53418.3125
52582.37890625
52986.68359375
53727.88671875
53709.93359375
52983.91015625
53168.4921875
53076.5546875
53417.21484375
53463.83984375
52659.125
53185.87109375
53070.24609375
52195.21875
52046.90625
52580.015625
52283.203125
52187.02734375
52377.31640625
52443.48046875
52568.96875
52401.1640625
52571.1796875
52395.3828125
52587.04296875
52531.33984375
52544.60546875
52263.22265625
52539.48828125
52697.3359375
52838.390625
52877.85546875
52952.859375
52966.26953125
53000.5703125
52815.51171875
52282.37109375
52468.3046875
52181.1328125
52077.05859375
52475.1640625
52956.53515625
53174.8203125
53049.90625
53116.3359375
53291.84765625
52987.84765625
53541.6328125
53789.15234375
53171.95703125
53516.546875
52787.734375
52876.03515625
53135.6328125
53371.7265625
53294.36328125
53724.60546875
53548.1875
52892.91796875
53625.58984375
53619.98046875
53607.5078125
53525.14453125
53556.33984375
53870.125
54181.07421875
53504.4140625
53805.5625
54231.87109375
54115.12109375
53938.4609375
54372.0703125
54349.5625
54384.30078125
54364.79296875
54622.60546875
54439.18359375
54081.07421875
53535.48046875
53744.41796875
53529.51171875
53215.06640625
52748.02734375
52918.4765625
53022.91015625
52819.19921875
52803.63671875
52844.98046875
53151.5859375
52469.30859375
52386.53515625
52804.6796875
52418.4921875
52699.9140625
53470.828125
53043.078125
52952.8203125
54131.1796875
53092.8515625
52963.36328125
52817.2109375
53461.65234375
52947.7734375
53232.62109375
53330.78125
53288.96875
53057.23828125
52663.6953125
52471.875
52495.578125
52578.66796875
52408.57421875
52778.296875
52842.01953125
52202.9375
52833.6484375
52352.796875
52585.5546875
52541.05078125
53394.48828125
53724.08984375
53413.07421875
53322.1015625
54036.83203125
53700.60546875
53583.078125
53096.95703125
52976.97265625
53222.01171875
53278.7421875
52877.30859375
53163.10546875
52903.2578125
53219.3984375
52787.2734375
52965.65234375
53128.32421875
53208.0546875
53447.8515625
53300.7421875
52788.80078125
53484.39453125
53025.48046875
53309.859375
53125.07421875
53310.00390625
53012.671875
52725.33984375
