11958.0556640625
11941.560546875
11969.46484375
11936.4921875
11937.9697265625
11953.818359375
11961.2255859375
11935.2216796875
11939.666015625
11934.1650390625
11938.177734375
11962.0576171875
11941.986328125
11938.3935546875
11939.4501953125
11955.5166015625
11973.9052734375
11944.3134765625
11957.4189453125
11957.6220703125
11956.7861328125
11930.7861328125
11956.142578125
11971.3662109375
11958.8955078125
11981.7216796875
11948.3310546875
11974.1142578125
11957.4208984375
11947.896484375
11907.953125
11952.1259765625
11973.2666015625
11944.7255859375
11961.638671875
11942.4052734375
11965.8662109375
11946.421875
11941.1416015625
11915.5712890625
11950.2236328125
11935.0029296875
11923.806640625
11896.7529296875
11917.0419921875
11869.0732421875
11889.5693359375
11885.7587890625
11879.2060546875
11911.75390625
11904.998046875
11885.966796875
11877.935546875
11877.5205078125
11833.7734375
11854.69140625
11827.8330078125
11841.5888671875
11810.3037109375
11802.689453125
11815.5830078125
11820.861328125
11799.7412109375
11763.8134765625
11792.96484375
11788.537109375
11790.2255859375
11812.4208984375
11777.3251953125
11778.587890625
11795.7216796875
11815.58203125
11784.521484375
11822.9755859375
11839.0576171875
11855.103515625
11870.744140625
11899.0712890625
11896.966796875
11918.9423828125
11883.2294921875
11897.1669921875
11898.6591796875
11898.8642578125
11907.1142578125
11870.54296875
11861.4482421875
11867.78515625
11908.37890625
11858.4990234375
11874.5654296875
11907.5390625
11916.623046875
11958.0400390625
11947.4873046875
11973.263671875
11965.8603515625
11962.693359375
11979.390625
11977.494140625
11956.7744140625
11990.39453125
11966.71875
12000.3115234375
11989.970703125
12000.1162109375
11978.5576171875
11990.5986328125
11987.0048828125
11962.705078125
11993.556640625
11983.40625
12002.65625
11956.349609375
11978.12109375
12022.513671875
11987.2138671875
11997.7890625
12004.126953125
12004.7568359375
12027.1669921875
12007.720703125
11995.25390625
12036.6865234375
11976.6455078125
12002.0078125
11954.23828125
11999.47265625
11973.2724609375
11977.068359375
12002.86328125
11996.091796875
11973.2646484375
11947.26953125
11911.96484375
11935.8603515625
11938.18359375
11910.697265625
11919.365234375
11914.3056640625
11926.98828125
11936.7001953125
11917.4599609375
11918.734375
11909.4365234375
11904.142578125
11915.3564453125
11900.98828125
11910.0712890625
11901.8271484375
11892.3173828125
11872.8623046875
11904.98828125
11907.318359375
11910.0625
11928.880859375
11900.1328125
11910.9189453125
11935.224609375
11901.6220703125
11920.2138671875
11920.220703125
11919.3603515625
11908.7900390625
11922.9716796875
11916.837890625
11943.4658203125
11916.8310546875
11910.4951171875
11918.9423828125
11942.837890625
11941.994140625
11926.55078125
11928.4541015625
11939.8828125
11934.580078125
11924.4375
11924.8701171875
11914.296875
11935.21484375
11947.0556640625
11907.7431640625
11922.1279296875
11921.4873046875
11909.013671875
11927.3955078125
11912.603515625
11896.1220703125
11900.5615234375
11883.65234375
11864.6279296875
11902.4560546875
11869.9091796875
11863.7685546875
11887.673828125
11870.75390625
11868.427734375
11885.34375
11869.0703125
11872.0263671875
11847.7109375
11873.72265625
11866.1015625
11870.333984375
11884.7021484375
11883.228515625
11845.1787109375
11895.2666015625
11899.07421875
11894.212890625
11915.7744140625
11877.3056640625
11891.259765625
11914.072265625
11883.01953125
11885.3291015625
11861.671875
11896.328125
11868.0107421875
11880.6923828125
11883.4326171875
11901.4033203125
11900.1435546875
11883.857421875
11906.482421875
11895.4892578125
11887.8740234375
11901.1904296875
11903.9384765625
11889.3525390625
11913.2333984375
11874.5625
11892.943359375
11895.4931640625
11898.65625
11887.6669921875
11877.09375
11922.1123046875
11931.2060546875
11928.873046875
11937.3349609375
11913.0419921875
11903.7255859375
11905.830078125
11883.2158203125
11899.7158203125
11874.55859375
11900.55859375
11890.8427734375
11882.8125
11880.47265625
11871.5966796875
11897.3916015625
11925.705078125
11905.208984375
11918.947265625
11910.494140625
11896.94921875
11933.740234375
11934.15625
11930.9912109375
11930.146484375
11940.71484375
11900.9716796875
11922.9541015625
11930.78125
11925.08203125
11925.91015625
11930.9951171875
11913.244140625
11909.228515625
11935.427734375
11929.73046875
11925.5078125
11916.826171875
11922.53515625
11940.29296875
11940.087890625
11917.2607421875
11924.015625
11924.650390625
11922.1171875
11922.5439453125
11905.8486328125
11942.41015625
11933.3154296875
11925.49609375
11933.32421875
11932.466796875
11903.9326171875
11885.755859375
11922.3291015625
11927.1904296875
11930.7841796875
11918.30859375
11906.265625
11932.8955078125
11964.3857421875
11937.1201171875
11922.96875
11949.5966796875
11953.611328125
11955.716796875
11900.986328125
11932.4658203125
11926.5576171875
11939.0302734375
11923.39453125
11927.828125
11929.51171875
11931.8427734375
11940.71875
11937.1201171875
11906.904296875
11937.12109375
11925.7109375
11908.185546875
11916.611328125
11917.46875
11899.0830078125
11919.7978515625
11912.6142578125
11925.0751953125
11934.5888671875
11934.1572265625
11905.837890625
11917.255859375
11930.57421875
11924.220703125
11914.08984375
11907.1025390625
11933.5439453125
11900.138671875
11889.1455078125
11894.6396484375
11911.544921875
11929.7216796875
11911.5478515625
11922.5439453125
11896.962890625
11932.689453125
11945.3642578125
11933.318359375
11950.0205078125
11934.37109375
11932.0546875
11940.7177734375
11935.009765625
11938.1787109375
11958.6806640625
11947.2646484375
11931.8466796875
11935.6279296875
11955.71484375
11947.486328125
11941.78125
11913.4404296875
11909.6337890625
11900.3564453125
11897.1728515625
11889.7705078125
11889.7763671875
11903.9443359375
11908.1689453125
11888.2900390625
11912.177734375
11922.3310546875
11885.7626953125
11884.2841796875
11894.8583984375
11924.87109375
11931.41796875
11936.0576171875
11926.76953125
11936.4873046875
11920.84375
11900.5634765625
11935.4306640625
11908.7919921875
11902.037109375
11888.083984375
11896.5205078125
11909.0087890625
11890.4140625
11878.361328125
11885.3466796875
11878.359375
11861.8759765625
11845.6123046875
11867.5908203125
11854.0498046875
11853.4208984375
11911.130859375
11920.4208984375
11911.1328125
11903.93359375
11920.859375
11909.0166015625
11921.8994140625
11925.4921875
11925.9287109375
11922.7421875
11849.6044921875
11832.494140625
11829.537109375
11868.2197265625
11849.1923828125
11860.18359375
11841.583984375
11884.697265625
11844.9609375
11859.763671875
11854.4697265625
11873.7119140625
11862.099609375
11846.0224609375
11878.79296875
11915.7705078125
11890.8291015625
11870.765625
11824.8935546875
11843.28125
11893.57421875
11865.8798828125
11847.91796875
11832.916015625
11873.9296875
11862.0888671875
11897.1787109375
11908.794921875
11906.9013671875
11919.7900390625
11916.8359375
11900.1337890625
11913.2392578125
11913.0244140625
11985.5244140625
11971.1552734375
11939.4482421875
11926.7705078125
11956.3671875
11925.0625
11923.38671875
11909.427734375
11880.896484375
11885.759765625
11851.94140625
11868.427734375
11916.6171875
11898.6572265625
11911.5458984375
11908.7998046875
11923.5947265625
11907.5244140625
11897.39453125
11871.8115234375
11907.3134765625
11897.8095703125
11910.9140625
11893.5830078125
11886.609375
11883.6484375
11895.2822265625
11904.376953125
11891.6708984375
11884.7001953125
11889.994140625
11900.984375
11932.6884765625
11920.212890625
11873.2890625
11922.322265625
11864.4130859375
11828.0625
11872.23046875
11918.517578125
11910.4853515625
11928.2392578125
11938.802734375
11944.091796875
11946.19921875
11940.724609375
11940.0703125
11961.84375
11940.4873046875
11931.4150390625
11971.9931640625
11923.609375
11910.6923828125
11907.1025390625
11910.279296875
11912.6015625
11870.7470703125
11859.9833984375
11859.130859375
11871.171875
11873.0771484375
11857.859375
11850.67578125
11840.74609375
11850.240234375
11863.7783203125
11893.1552734375
11876.4599609375
11847.923828125
11859.55859375
11840.943359375
11834.1904296875
11841.80078125
11832.283203125
11855.111328125
11863.791015625
11868.6337890625
11873.703125
11840.314453125
11809.466796875
11815.3720703125
11822.560546875
11816.220703125
11839.2626953125
11871.7998046875
11854.05078125
11872.86328125
11893.3681640625
11899.716796875
11888.51171875
11905.19921875
11915.35546875
11908.8056640625
11880.6826171875
11889.990234375
11887.0234375
11863.1416015625
11850.8896484375
11866.9453125
11861.458984375
11898.01953125
11892.1015625
11879.201171875
11868.0107421875
11880.6943359375
11854.2626953125
11876.6708984375
11840.0908203125
11849.1923828125
11818.541015625
11809.6728515625
11841.1708984375
11798.8818359375
11810.5126953125
11801.638671875
11763.1748046875
11794.4599609375
11776.91015625
11773.3173828125
11801.44140625
11815.583984375
11790.0087890625
11803.9619140625
11803.5341796875
11785.3642578125
11777.541015625
11738.224609375
11746.4814453125
11790.84765625
11761.0537109375
11757.88671875
11766.5625
11725.333984375
11720.6865234375
11725.9580078125
11735.0439453125
11728.080078125
11764.2216796875
11754.7080078125
11732.09375
11729.9775390625
11743.515625
11731.2509765625
11705.4541015625
11742.4580078125
11705.4658203125
11699.5390625
11710.125
11740.763671875
11712.017578125
11742.45703125
11732.7392578125
11729.1357421875
11722.3701171875
11742.666015625
11748.7939453125
11756.1923828125
11734.8486328125
11756.6123046875
11737.59375
11736.3154296875
11744.1484375
11736.1044921875
11715.4091796875
11724.27734375
11722.7998046875
11738.64453125
11692.361328125
11671.6591796875
11695.3193359375
11695.74609375
11666.373046875
11668.2666015625
11672.9267578125
11683.9091796875
11679.259765625
11654.9404296875
11675.45703125
11702.92578125
11700.1845703125
11667.8359375
11688.560546875
11735.48046875
11723.0185546875
11693.6279296875
11710.96484375
11708.0009765625
11695.111328125
11731.458984375
11751.3271484375
11727.224609375
11723.6474609375
11721.9482421875
11755.1376953125
11739.06640625
11758.51953125
11725.9697265625
11737.810546875
11690.4599609375
11688.546875
11703.990234375
11712.4365234375
11701.8671875
11705.26171875
11707.3623046875
11711.37890625
11707.5732421875
11726.390625
11721.529296875
11692.77734375
11714.35546875
11731.2529296875
11714.7734375
11764.0234375
11756.1982421875
11779.0263671875
11773.9443359375
11832.927734375
11798.890625
11807.34375
11843.28125
11829.7529296875
11824.4697265625
11804.8046875
11816.2255859375
11783.8798828125
11803.744140625
11784.2978515625
11789.80859375
11780.9130859375
11796.1474609375
11800.796875
11796.7734375
11794.0185546875
11794.876953125
11807.345703125
11792.9755859375
11817.7060546875
11830.1767578125
11856.8095703125
11843.6884765625
11857.4375
11839.0546875
11858.2880859375
11812.8349609375
11798.04296875
11753.8779296875
11765.7001953125
11766.1240234375
11753.6513671875
11736.5458984375
11736.5283203125
11690.02734375
11718.3681640625
11701.0224609375
11715.61328125
11710.9677734375
11732.9423828125
11718.564453125
11723.2294921875
11714.767578125
11747.958984375
11745.2080078125
11717.9375
11746.89453125
11693.205078125
11737.8095703125
11716.8828125
11732.73046875
11690.8916015625
11711.5869140625
11707.353515625
11711.390625
11703.7734375
11690.466796875
11747.529296875
11741.8154296875
11738.6513671875
11756.1884765625
11756.404296875
11751.7666015625
11741.8134765625
11752.814453125
11733.9931640625
11762.7412109375
11738.8583984375
11756.1943359375
11734.201171875
11740.7607421875
11769.51171875
11770.1513671875
11748.794921875
11786.41796875
11757.8935546875
11749.23046875
11746.0517578125
11746.4638671875
11776.263671875
11763.1640625
11747.3056640625
11779.0341796875
11777.330078125
11806.5048828125
11779.8583984375
11802.2607421875
11787.68359375
11808.3994140625
11785.78125
11781.1357421875
11799.5244140625
11764.8544921875
11765.2705078125
11795.9248046875
11792.5498046875
11771.8310546875
11733.58203125
11755.978515625
11727.865234375
11746.4736328125
11750.9033203125
11745.41796875
11740.337890625
11743.0849609375
11745.201171875
11754.296875
11750.4853515625
11746.265625
11716.880859375
11707.7822265625
11701.458984375
11672.0693359375
11678.40234375
11671.015625
11671.013671875
11688.9775390625
11703.556640625
11691.720703125
11671.017578125
11690.6728515625
11671.859375
11692.150390625
11678.615234375
11663.1875
11715.818359375
11676.7138671875
11720.4794921875
11729.3525390625
11711.376953125
11704.404296875
11738.0185546875
11735.9052734375
11728.92578125
11756.6181640625
11735.2724609375
11770.9921875
11744.359375
11742.2431640625
11741.4130859375
11725.337890625
11716.6748046875
11752.169921875
11731.2548828125
11755.5458984375
11744.5693359375
11727.6591796875
11761.6767578125
11765.072265625
11751.1162109375
11751.3369140625
11734.216796875
11745.408203125
11727.87890625
11716.447265625
11728.931640625
11731.8828125
11741.826171875
11755.9775390625
11735.7001953125
11745.4130859375
11744.78125
11725.9619140625
11767.82421875
11760.2138671875
11752.6015625
11747.5234375
11748.162109375
11751.119140625
11729.3505859375
11709.8984375
11735.9140625
11725.5380859375
11704.1943359375
11706.103515625
11690.87890625
11686.4384765625
11705.880859375
11708.6318359375
11690.4609375
11736.9658203125
11729.1416015625
11696.15625
11678.619140625
11699.3388671875
11713.076171875
11708.2109375
11690.0234375
11705.2548828125
11714.7626953125
11705.681640625
11733.3642578125
11694.0458984375
11651.345703125
11697.005859375
11711.591796875
11759.568359375
11740.12890625
11701.8740234375
11716.24609375
11721.3173828125
11710.33203125
11730.6259765625
11740.34375
11725.3427734375
11710.3310546875
11723.009765625
11720.265625
11710.955078125
11735.685546875
11726.17578125
11698.908203125
11725.96875
11717.091796875
11727.435546875
11729.9833984375
11747.1142578125
11746.2578125
11746.259765625
11716.2333984375
11754.2900390625
11751.1240234375
11742.037109375
11746.890625
11772.25390625
11740.1279296875
11771.2041015625
11733.7802734375
11743.30078125
11742.6650390625
11736.9658203125
11734.427734375
11743.720703125
11729.1474609375
11740.1220703125
11744.7822265625
11735.900390625
11742.2421875
11721.5322265625
11735.69921875
11731.2529296875
11734.8447265625
11744.5673828125
11749.2138671875
11744.568359375
11728.294921875
11738.6552734375
11710.7412109375
11721.7412109375
11730.83203125
11726.3857421875
11726.8193359375
11749.4326171875
11740.5498046875
11743.0927734375
11754.4921875
11749.8603515625
11769.306640625
11758.9345703125
11735.6962890625
11761.0576171875
11753.658203125
11782.189453125
11763.5966796875
11762.3203125
11782.3984375
11762.751953125
11780.927734375
11764.8564453125
11757.8759765625
11772.044921875
11772.68359375
11790.4345703125
11792.544921875
11790.85546875
11816.0126953125
11790.642578125
11808.830078125
11806.9150390625
11817.9169921875
11810.939453125
11816.224609375
11796.794921875
11820.2373046875
11808.1904296875
11859.5458984375
11787.265625
11826.7841796875
11799.525390625
11821.29296875
11840.1103515625
11813.900390625
11837.357421875
11832.9208984375
11854.486328125
11872.453125
11868.017578125
11855.755859375
11897.81640625
11892.1103515625
11907.11328125
11891.673828125
11899.705078125
11900.546875
11909.85546875
11911.9638671875
11843.7060546875
11876.041015625
11898.4375
11907.1044921875
11872.021484375
11907.9609375
11898.23828125
11851.517578125
11873.5009765625
11840.51953125
11852.3662109375
11868.8515625
11863.775390625
11867.37109375
11851.5185546875
11849.82421875
11865.0498046875
11868.00390625
11854.8974609375
11842.4296875
11835.2451171875
11832.5029296875
11826.1455078125
11831.857421875
11793.177734375
11832.71875
11821.7138671875
11821.287109375
11852.154296875
11856.1650390625
11779.44140625
11800.5654296875
11780.083984375
11827.21484375
11831.646484375
11829.330078125
11835.6708984375
11863.14453125
11878.7861328125
11845.3955078125
11847.3017578125
